--- CARTÓN 001 ---
 B  I  N  G  O
10 25 32 46 67
 1 28 45 52 61
11 16    50 69
 4 19 41 60 68
 9 29 42 54 75

--- CARTÓN 002 ---
 B  I  N  G  O
13 17 42 50 63
 1 20 45 58 67
 9 19    54 62
 6 25 40 52 74
 7 27 36 55 65

--- CARTÓN 003 ---
 B  I  N  G  O
 3 29 44 48 61
15 23 33 51 63
11 26    56 72
 6 16 34 46 67
14 28 40 50 74

--- CARTÓN 004 ---
 B  I  N  G  O
10 26 42 46 73
12 16 36 47 74
 9 20    49 64
14 18 41 57 71
 2 27 39 52 65

--- CARTÓN 005 ---
 B  I  N  G  O
10 20 34 51 64
 2 30 45 55 61
 9 29    49 65
 1 18 40 60 71
 8 27 32 57 63

